shared memory C						
thread_num\matrix_size	
	128		256		512		1024		2048		4096		Speedup	
2	0.003199	0.019652	0.155387	1.278439	10.094308	81.887077	
4	0.001348	0.010427	0.095442	0.660841	5.35003		42.990364	2.37x
8	0.001147	0.008796	0.069079	0.555568	4.482251	36.09433	1.18x
16	0.003442	0.012688	0.079539	0.574782	4.585439	35.465973	0.7x
32	0.003368	0.012489	0.076445	0.574756	4.497586	35.842617	~1.03x
64	0.003488	0.013737	0.072803	0.567167	4.581492	36.716469
		
				
shared memory C++						
thread_num\matrix_size
	128		256		512		1024		2048		4096
2	0.003686	0.025461	0.203707	1.70063		13.9181		112.28
4	0.001801	0.020546	0.105005	0.876158	7.25328		62.002
8	0.003118	0.016451	0.110148	0.903183	7.17246		60.1893
16	0.001846	0.014146	0.118138	0.912039	7.27441		61.9066
32	0.003007	0.014081	0.111861	0.897931	7.34667		61.271
64	0.002575	0.014603	0.109792	0.906004	7.49534		62.4385
